# GIMP colorrc
# 
# This file holds a list of recently used colors.

(color-history
    (color-rgba 1 1 1 1)
    (color-rgba 0.81960785388946533 0.83137255907058716 0.85882353782653809 1)
    (color-rgba 0.79607844352722168 0.80784314870834351 0.83529412746429443 1)
    (color-rgba 0.48627451062202454 0.48235294222831726 0.55294120311737061 1)
    (color-rgba 0.55686277151107788 0.54901963472366333 0.59215688705444336 1)
    (color-rgba 0.364705890417099 0.35686275362968445 0.40000000596046448 1)
    (color-rgba 0.54117649793624878 0.5372549295425415 0.56862747669219971 1)
    (color-rgba 0.62352943420410156 0.61568629741668701 0.67058825492858887 1)
    (color-rgba 0.94117647409439087 0.92941176891326904 0.99607843160629272 1)
    (color-rgba 0.88235294818878174 0.87450981140136719 0.91764706373214722 1)
    (color-rgba 0.92549020051956177 0.91764706373214722 0.96078431606292725 1)
    (color-rgba 0.89411765336990356 0.88235294818878174 0.94901961088180542 1)
    (color-rgba 0.78431373834609985 0.79607844352722168 0.83137255907058716 1)
    (color-rgba 0.40000000596046448 0.39215686917304993 0.44313725829124451 1)
    (color-rgba 0.86274510622024536 0.86274510622024536 0.90196079015731812 1)
    (color-rgba 0.31764706969261169 0.31372550129890442 0.38431373238563538 1)
    (color-rgba 0.28235295414924622 0.29019609093666077 0.34117648005485535 1)
    (color-rgba 0.38431373238563538 0.39215686917304993 0.44313725829124451 1)
    (color-rgba 0.54117649793624878 0.54901963472366333 0.60000002384185791 1)
    (color-rgba 0.92941176891326904 0.94117647409439087 0.96078431606292725 1)
    (color-rgba 0.84705889225006104 0.85882359743118286 0.88627457618713379 1)
    (color-rgba 0.94509804248809814 0.94509804248809814 0.99215686321258545 1)
    (color-rgba 0.92156863212585449 0.92941176891326904 0.97647058963775635 1)
    (color-rgba 0.83137255907058716 0.84313726425170898 0.87058824300765991 1)
    (color-rgba 0.87843137979507446 0.89019608497619629 0.91764706373214722 1)
    (color-rgba 0.90196079015731812 0.90588235855102539 0.97647058963775635 1)
    (color-rgba 0.7450980544090271 0.74117648601531982 0.79607844352722168 1)
    (color-rgba 0.87058824300765991 0.86666667461395264 0.92156863212585449 1)
    (color-rgba 0.86274510622024536 0.87450981140136719 0.90980392694473267 1)
    (color-rgba 0.89803922176361084 0.90980392694473267 0.94509804248809814 1)
    (color-rgba 0.7607843279838562 0.76470589637756348 0.78431373834609985 1)
    (color-rgba 0.90196079015731812 0.90980392694473267 0.95686274766921997 1)
    (color-rgba 0 0 0 1))

# end of colorrc
